function dx=slidemode11(t,x)
dx=zeros(28,1);
w=0.01
w2=0
u1=1;
u2=1;
dx(1)=-0.269*x(1)+5.98*x(4)-5.98*x(7)-5.98*w;
dx(2)=x(3);
dx(3)= 0.0133*x(1)-0.04*x(2)-2.02*x(3);
dx(4)=0.05*x(2)-1*x(3)-0.05*x(4);
dx(5)=-12.5*x(5)+12.5*u1;
dx(6)=0.025*x(5)-0.025*x(6);
dx(7)=1.256*x(1)-1.256*x(8)
dx(8)=-0.269*x(9)+5.98*x(11)-5.986*x(14)-5.98*w2;
dx(9)=x(10)
dx(10)=0.0133*x(8)-0.04*x(9)-2.02*x(10)
dx(11)=0.05*x(9)-x(10)-0.05*x(11)
dx(12)=-12.5*x(12)+12.5*u2
dx(13)=0.025*x(12)-0.025*x(13)
dx(14)=-1.256*x(1)+1.256*x(8)
dx(15)=100*x(1)-200*x(14)-1.0027e+2*x(15)+5.988*x(18)+5.988*x(20)-5.988*x(21)+200*x(28);
   dx(16)= 3.559e+05*x(1)+100*x(7)+1.732e+5*x(8)-2.53e+6*x(14)-3.558e+5*x(15)+x(17)-100*x(21)-1.732e+5*x(22)+2.5387e+6*x(28);
    dx(17)=-7.7e+3*x(1)-4.1e+3*x(8)+5.22e+4*x(14)+7.7e+3*x(15)-0.04*x(16)-2.02*x(17)+0.718*x(18)+0.718*x(20)-0.718*x(21)+4.1e+3*x(22)-5.22e+4*x(28);
    dx(18)=3.621e+5*x(1)+100*x(7)+1.766e+5*x(8)-2.5818e+6*x(14)-3.621e+5*x(15)+4*x(16)-2*x(17)-4*x(18)-100*x(21)-1.766e+5*x(22)+2.5818e+6*x(28);
    dx(19)=100*x(14)+12.5*x(19)-100*x(28)+12.5*u1;
    dx(20)=-3.619e+5*x(1)-100*x(7)-1.766e+5*x(8)+2.5805e+6*x(14)+3.619e+5*x(15)+0.033*x(19)-0.033*x(20)+100*x(21)+1.766e+5*x(22)-2.5805e+6*x(28);
    dx(21)=1.256*x(15)-1.256*x(22);
    dx(22)=100*x(8)+100*x(14)-1.0027e+2*x(22)+5.988*x(25)+5.988*x(27)-105.95*x(28);
    dx(23)=-4.927e+5*x(1)-500*x(7)+1.983e+5*x(8)+6.9174e+6*x(14)+4.927e+5*x(15)+500*x(21)-1.983e+5*x(22)+x(24)-6.9174e+6*x(28);
    dx(24)=1.17e+4*x(1)-4.1e+3*x(8)-1.624e+5*x(14)-1.17e+4*x(15)+4.1e+3*x(22)-0.04*x(23)-2.02*x(24)+0.718*x(25)+0.718+x(27)+1.624e+5*x(28);
    dx(25)=-5.024e+5*x(1)-500*x(7)+2.016e+5*x(8)+7.10525e+6*x(14)+5.024e+5*x(15)+500*x(21)-2.016e+5*x(22)+4*x(23)-2*x(24)-4*x(25)-7.0525e+6*x(28);
    dx(26)=-12.5*x(26)+12.5*u2;
    dx(27)=(5.023*10e+5)*x(1)+500*x(7)-2.014e+5*x(8)-7.0515e+6*x(14)-5.023e+5*x(15)-500*x(21)+2.014e+5*x(22)+0.033*x(26)-0.033*x(27)+7.0515e+6*x(28);
    dx(28)=-1.256*x(15)+1.256*x(22);
end